# x 	 y 
 5.000 	 5.000 
 8.000 	 0.000 
 4.999 	 4.969 
 7.948 	 0.000 
 4.998 	 4.936 
 7.895 	 0.001 
 4.995 	 4.902 
 7.841 	 0.003 
 4.992 	 4.867 
 7.785 	 0.004 
 4.988 	 4.831 
 7.727 	 0.007 
 4.982 	 4.793 
 7.668 	 0.009 
 4.977 	 4.754 
 7.607 	 0.013 
 4.970 	 4.713 
 7.545 	 0.016 
 4.962 	 4.671 
 7.481 	 0.021 
 4.954 	 4.628 
 7.415 	 0.025 
 4.944 	 4.584 
 7.348 	 0.030 
 4.934 	 4.538 
 7.279 	 0.036 
 4.923 	 4.491 
 7.209 	 0.042 
 4.910 	 4.442 
 7.137 	 0.049 
 4.897 	 4.392 
 7.063 	 0.056 
 4.883 	 4.341 
 6.987 	 0.064 
 4.868 	 4.288 
 6.910 	 0.072 
 4.852 	 4.234 
 6.831 	 0.081 
 4.835 	 4.178 
 6.750 	 0.091 
 4.817 	 4.121 
 6.668 	 0.101 
 4.798 	 4.063 
 6.584 	 0.111 
 4.778 	 4.003 
 6.498 	 0.123 
 4.757 	 3.942 
 6.410 	 0.135 
 4.735 	 3.879 
 6.320 	 0.147 
 4.712 	 3.815 
 6.228 	 0.160 
 4.688 	 3.749 
 6.135 	 0.174 
 4.662 	 3.682 
 6.040 	 0.189 
 4.636 	 3.613 
 5.942 	 0.204 
 4.608 	 3.543 
 5.843 	 0.220 
 4.579 	 3.471 
 5.742 	 0.236 
 4.549 	 3.397 
 5.638 	 0.254 
 4.518 	 3.322 
 5.533 	 0.272 
 4.486 	 3.245 
 5.425 	 0.291 
 4.452 	 3.166 
 5.316 	 0.311 
 4.417 	 3.086 
 5.204 	 0.331 
 4.381 	 3.004 
 5.090 	 0.353 
 4.343 	 2.921 
 4.974 	 0.375 
 4.304 	 2.835 
 4.855 	 0.398 
 4.263 	 2.748 
 4.734 	 0.423 
 4.221 	 2.658 
 4.611 	 0.448 
 4.177 	 2.567 
 4.485 	 0.475 
 4.132 	 2.474 
 4.357 	 0.503 
 4.085 	 2.379 
 4.227 	 0.531 
 4.037 	 2.281 
 4.094 	 0.562 
 3.986 	 2.182 
 3.959 	 0.593 
 3.934 	 2.080 
 3.821 	 0.627 
 3.879 	 1.975 
 3.681 	 0.661 
 3.823 	 1.868 
 3.538 	 0.698 
 3.763 	 1.759 
 3.394 	 0.737 
 3.701 	 1.647 
 3.247 	 0.777 
 3.636 	 1.531 
 3.099 	 0.820 
 3.567 	 1.414 
 2.951 	 0.864 
 3.494 	 1.293 
 2.801 	 0.910 
 3.416 	 1.170 
 2.652 	 0.956 
 3.333 	 1.046 
 2.503 	 1.003 
 3.245 	 0.921 
 2.354 	 1.048 
 3.152 	 0.795 
 2.205 	 1.091 
 3.054 	 0.670 
 2.055 	 1.132 
 2.951 	 0.544 
 1.904 	 1.169 
 2.843 	 0.418 
 1.752 	 1.203 
 2.731 	 0.293 
 1.597 	 1.233 
 2.614 	 0.169 
 1.440 	 1.258 
 2.493 	 0.044 
 1.280 	 1.279 
 2.367 	 -0.079 
 1.117 	 1.295 
 2.235 	 -0.201 
 0.952 	 1.304 
 2.099 	 -0.322 
 0.784 	 1.308 
 1.957 	 -0.442 
 0.614 	 1.305 
 1.810 	 -0.560 
 0.442 	 1.295 
 1.657 	 -0.676 
 0.268 	 1.277 
 1.499 	 -0.789 
 0.093 	 1.250 
 1.335 	 -0.898 
 -0.082 	 1.214 
 1.166 	 -1.003 
 -0.256 	 1.169 
 0.991 	 -1.104 
 -0.427 	 1.115 
 0.811 	 -1.199 
 -0.594 	 1.053 
 0.627 	 -1.287 
 -0.757 	 0.982 
 0.439 	 -1.369 
 -0.915 	 0.903 
 0.249 	 -1.443 
 -1.066 	 0.818 
 0.058 	 -1.510 
 -1.211 	 0.728 
 -0.135 	 -1.569 
 -1.349 	 0.633 
 -0.327 	 -1.622 
 -1.480 	 0.534 
 -0.518 	 -1.668 
 -1.605 	 0.432 
 -0.708 	 -1.707 
 -1.724 	 0.327 
 -0.896 	 -1.741 
 -1.836 	 0.220 
 -1.083 	 -1.770 
 -1.942 	 0.111 
 -1.267 	 -1.793 
 -2.043 	 0.001 
 -1.449 	 -1.812 
 -2.138 	 -0.111 
 -1.629 	 -1.827 
 -2.228 	 -0.224 
 -1.806 	 -1.837 
 -2.313 	 -0.339 
 -1.981 	 -1.844 
 -2.393 	 -0.454 
 -2.154 	 -1.846 
 -2.468 	 -0.571 
 -2.324 	 -1.845 
 -2.539 	 -0.689 
 -2.493 	 -1.840 
 -2.606 	 -0.809 
 -2.658 	 -1.831 
 -2.669 	 -0.930 
 -2.822 	 -1.818 
 -2.728 	 -1.054 
 -2.982 	 -1.801 
 -2.785 	 -1.180 
 -3.139 	 -1.780 
 -2.840 	 -1.309 
 -3.292 	 -1.754 
 -2.896 	 -1.442 
 -3.439 	 -1.725 
 -2.953 	 -1.577 
 -3.580 	 -1.693 
 -3.013 	 -1.712 
 -3.715 	 -1.660 
 -3.076 	 -1.846 
 -3.846 	 -1.627 
 -3.141 	 -1.976 
 -3.971 	 -1.594 
 -3.207 	 -2.104 
 -4.093 	 -1.562 
 -3.273 	 -2.229 
 -4.211 	 -1.530 
 -3.340 	 -2.350 
 -4.326 	 -1.498 
 -3.406 	 -2.468 
 -4.438 	 -1.467 
 -3.472 	 -2.583 
 -4.547 	 -1.436 
 -3.538 	 -2.695 
 -4.653 	 -1.405 
 -3.603 	 -2.805 
 -4.756 	 -1.375 
 -3.667 	 -2.912 
 -4.857 	 -1.345 
 -3.730 	 -3.016 
 -4.955 	 -1.315 
 -3.793 	 -3.117 
 -5.051 	 -1.286 
 -3.855 	 -3.216 
 -5.145 	 -1.257 
 -3.916 	 -3.313 
 -5.236 	 -1.228 
 -3.976 	 -3.407 
 -5.325 	 -1.199 
 -4.036 	 -3.499 
 -5.412 	 -1.171 
 -4.094 	 -3.589 
 -5.497 	 -1.143 
 -4.152 	 -3.677 
 -5.580 	 -1.115 
 -4.208 	 -3.762 
 -5.661 	 -1.088 
 -4.264 	 -3.846 
 -5.740 	 -1.060 
 -4.319 	 -3.927 
 -5.817 	 -1.033 
 -4.374 	 -4.006 
 -5.891 	 -1.006 
 -4.427 	 -4.084 
 -5.964 	 -0.980 
 -4.479 	 -4.159 
 -6.036 	 -0.954 
 -4.531 	 -4.233 
 -6.105 	 -0.927 
 -4.582 	 -4.305 
 -6.172 	 -0.902 
 -4.632 	 -4.375 
 -6.238 	 -0.876 
 -4.681 	 -4.443 
 -6.302 	 -0.851 
 -4.730 	 -4.509 
 -6.364 	 -0.826 
 -4.777 	 -4.574 
 -6.424 	 -0.801 
 -4.824 	 -4.637 
 -6.483 	 -0.776 
 -4.870 	 -4.698 
 -6.540 	 -0.752 
 -4.915 	 -4.758 
 -6.595 	 -0.728 
 -4.959 	 -4.816 
 -6.649 	 -0.704 
 -5.003 	 -4.872 
 -6.701 	 -0.681 
 -5.046 	 -4.927 
 -6.751 	 -0.657 
 -5.088 	 -4.980 
 -6.800 	 -0.634 
 -5.129 	 -5.031 
 -6.847 	 -0.611 
 -5.170 	 -5.081 
 -6.893 	 -0.589 
 -5.209 	 -5.129 
 -6.937 	 -0.567 
 -5.248 	 -5.176 
 -6.979 	 -0.545 
 -5.287 	 -5.221 
 -7.020 	 -0.523 
 -5.324 	 -5.265 
 -7.059 	 -0.502 
 -5.361 	 -5.307 
 -7.097 	 -0.480 
 -5.397 	 -5.348 
 -7.133 	 -0.459 
 -5.432 	 -5.387 
 -7.168 	 -0.439 
 -5.466 	 -5.425 
 -7.201 	 -0.419 
 -5.500 	 -5.461 
 -7.232 	 -0.398 
 -5.533 	 -5.496 
 -7.262 	 -0.379 
 -5.565 	 -5.530 
 -7.291 	 -0.359 
 -5.597 	 -5.562 
 -7.318 	 -0.340 
 -5.628 	 -5.593 
 -7.344 	 -0.321 
 -5.658 	 -5.622 
 -7.368 	 -0.302 
 -5.687 	 -5.650 
 -7.391 	 -0.284 
 -5.716 	 -5.676 
 -7.412 	 -0.266 
 -5.744 	 -5.701 
 -7.432 	 -0.248 
 -5.771 	 -5.725 
 -7.451 	 -0.230 
 -5.798 	 -5.747 
 -7.467 	 -0.213 
 -5.823 	 -5.768 
 -7.483 	 -0.196 
 -5.848 	 -5.788 
 -7.497 	 -0.180 
 -5.873 	 -5.806 
 -7.510 	 -0.163 
 -5.896 	 -5.823 
 -7.521 	 -0.147 
 -5.919 	 -5.838 
 -7.531 	 -0.131 
 -5.941 	 -5.853 
 -7.539 	 -0.116 
 -5.963 	 -5.866 
 -7.546 	 -0.101 
 -5.983 	 -5.877 
 -7.552 	 -0.086 
 -6.003 	 -5.887 
 -7.556 	 -0.071 
 -6.023 	 -5.896 
 -7.559 	 -0.057 
 -6.041 	 -5.904 
 -7.560 	 -0.043 
 -6.059 	 -5.910 
 -7.560 	 -0.030 
 -6.076 	 -5.915 
 -7.559 	 -0.016 
 -6.093 	 -5.919 
 -7.556 	 -0.003 
 -6.108 	 -5.922 
 -7.552 	 0.009 
 -6.123 	 -5.923 
 -7.546 	 0.022 
 -6.137 	 -5.923 
 -7.539 	 0.034 
 -6.151 	 -5.921 
 -7.530 	 0.045 
 -6.164 	 -5.918 
 -7.521 	 0.057 
 -6.176 	 -5.914 
 -7.509 	 0.068 
 -6.187 	 -5.909 
 -7.497 	 0.078 
 -6.198 	 -5.902 
 -7.483 	 0.089 
 -6.207 	 -5.894 
 -7.467 	 0.099 
 -6.216 	 -5.885 
 -7.450 	 0.108 
 -6.225 	 -5.875 
 -7.432 	 0.118 
 -6.232 	 -5.863 
 -7.412 	 0.127 
 -6.239 	 -5.850 
 -7.391 	 0.136 
 -6.245 	 -5.836 
 -7.369 	 0.144 
 -6.250 	 -5.820 
 -7.345 	 0.152 
 -6.255 	 -5.803 
 -7.319 	 0.159 
 -6.259 	 -5.785 
 -7.293 	 0.167 
 -6.262 	 -5.766 
 -7.264 	 0.174 
 -6.264 	 -5.745 
 -7.235 	 0.180 
 -6.265 	 -5.723 
 -7.204 	 0.186 
 -6.266 	 -5.700 
 -7.171 	 0.192 
 -6.266 	 -5.675 
 -7.137 	 0.198 
 -6.265 	 -5.649 
 -7.102 	 0.203 
 -6.263 	 -5.622 
 -7.065 	 0.207 
 -6.260 	 -5.593 
 -7.027 	 0.212 
 -6.257 	 -5.564 
 -6.987 	 0.216 
 -6.253 	 -5.533 
 -6.946 	 0.219 
 -6.248 	 -5.500 
 -6.903 	 0.222 
 -6.242 	 -5.466 
 -6.859 	 0.225 
 -6.235 	 -5.431 
 -6.813 	 0.227 
 -6.227 	 -5.395 
 -6.766 	 0.229 
 -6.219 	 -5.357 
 -6.717 	 0.231 
 -6.209 	 -5.318 
 -6.667 	 0.232 
 -6.199 	 -5.278 
 -6.615 	 0.233 
 -6.188 	 -5.236 
 -6.562 	 0.233 
 -6.176 	 -5.193 
 -6.507 	 0.233 
 -6.163 	 -5.149 
 -6.450 	 0.232 
 -6.149 	 -5.103 
 -6.392 	 0.231 
 -6.135 	 -5.056 
 -6.333 	 0.230 
 -6.119 	 -5.008 
 -6.272 	 0.228 
 -6.102 	 -4.958 
 -6.209 	 0.226 
 -6.085 	 -4.907 
 -6.144 	 0.223 
 -6.066 	 -4.854 
 -6.078 	 0.220 
 -6.046 	 -4.800 
 -6.011 	 0.216 
 -6.026 	 -4.745 
 -5.941 	 0.212 
 -6.004 	 -4.688 
 -5.870 	 0.208 
 -5.981 	 -4.630 
 -5.798 	 0.203 
 -5.958 	 -4.570 
 -5.723 	 0.197 
 -5.933 	 -4.509 
 -5.647 	 0.191 
 -5.907 	 -4.447 
 -5.569 	 0.185 
 -5.880 	 -4.383 
 -5.490 	 0.178 
 -5.852 	 -4.317 
 -5.408 	 0.170 
 -5.822 	 -4.250 
 -5.325 	 0.162 
 -5.792 	 -4.182 
 -5.240 	 0.154 
 -5.760 	 -4.112 
 -5.153 	 0.145 
 -5.727 	 -4.041 
 -5.064 	 0.135 
 -5.693 	 -3.968 
 -4.974 	 0.125 
 -5.657 	 -3.893 
 -4.881 	 0.114 
 -5.621 	 -3.817 
 -4.786 	 0.103 
 -5.582 	 -3.740 
 -4.690 	 0.092 
 -5.543 	 -3.660 
 -4.591 	 0.079 
 -5.502 	 -3.580 
 -4.491 	 0.067 
 -5.459 	 -3.497 
 -4.388 	 0.053 
 -5.415 	 -3.413 
 -4.283 	 0.039 
 -5.370 	 -3.328 
 -4.176 	 0.025 
 -5.322 	 -3.240 
 -4.067 	 0.010 
 -5.274 	 -3.151 
 -3.955 	 -0.006 
 -5.223 	 -3.061 
 -3.842 	 -0.022 
 -5.171 	 -2.969 
 -3.726 	 -0.039 
 -5.117 	 -2.875 
 -3.607 	 -0.056 
 -5.061 	 -2.779 
 -3.486 	 -0.074 
 -5.003 	 -2.682 
 -3.363 	 -0.092 
 -4.943 	 -2.583 
 -3.237 	 -0.111 
 -4.880 	 -2.482 
 -3.108 	 -0.130 
 -4.816 	 -2.380 
 -2.976 	 -0.149 
 -4.749 	 -2.276 
 -2.842 	 -0.170 
 -4.680 	 -2.170 
 -2.704 	 -0.190 
 -4.608 	 -2.063 
 -2.564 	 -0.211 
 -4.534 	 -1.954 
 -2.420 	 -0.231 
 -4.457 	 -1.843 
 -2.272 	 -0.252 
 -4.377 	 -1.731 
 -2.121 	 -0.273 
 -4.295 	 -1.618 
 -1.966 	 -0.294 
 -4.209 	 -1.503 
 -1.807 	 -0.314 
 -4.120 	 -1.387 
 -1.643 	 -0.334 
 -4.028 	 -1.269 
 -1.474 	 -0.353 
 -3.932 	 -1.151 
 -1.299 	 -0.370 
 -3.833 	 -1.031 
 -1.118 	 -0.386 
 -3.731 	 -0.911 
 -0.929 	 -0.399 
 -3.625 	 -0.789 
